10
0 189 324 190 216 160 248 238 257 149
189 0 152 81 27 51 59 49 85 40
324 152 0 134 125 164 189 147 67 175
190 81 134 0 108 30 140 123 67 41
216 27 125 108 0 78 64 22 58 67
160 51 164 30 78 0 110 100 97 11
248 59 189 140 64 110 0 42 122 99
238 49 147 123 22 100 42 0 80 89
257 85 67 67 58 97 122 80 0 108
149 40 175 41 67 11 99 89 108 0
7 8 340
